10 4186.646973
0 2175.753418
1 2349.908447
2 2588.782471
3 2958.667480
4 3716.666748
5 3157.392578
6 3003.984375
7 3026.283203
8 3223.407227
9 3437.001709
10 4186.646973
11 3296.130615
12 2896.395020
13 2671.705811
14 2555.333252
15 2577.939209
16 2295.619141
17 2127.446533
18 2004.760986
19 1908.203857
20 1829.370972
21 1763.864136
22 1709.251709
23 1664.384888
24 1629.349487
25 1606.194702
26 1602.098511
27 1648.092163
28 1529.715576
29 1460.556030
30 1408.655518
31 1365.792603
32 1328.674194
33 1295.642090
34 1265.731201
