2968 2968
281 281
248 248
173 173
172 172
151 151
131 131
146 146
162 162
132 132
175 175
143 143
157 157
180 180
164 164
166 166
173 173
192 192
189 189
170 170
195 195
217 217
239 239
340 340
1651 1651
1068 1068
2377 2377
1762 1762
2524 2524
3016 3016
4189 4189
3830 3830
8299 8299
0 0
4282 4282
4131 4131
7750 7750
1 1
6545 6545
4659 4659
12942 12942
0 0
6868 6868
5380 5380
11683 11683
3 3
8306 8306
6919 6919
14054 14054
2 2
5660 5660
5517 5517
15754 15754
0 0
7923 7923
6428 6428
15231 15231
0 0
6285 6285
7154 7154
10608 10608
7 7
5602 5602
7282 7282
7963 7963
11369 11369
3 3
6956 6956
6804 6804
5680 5680
6590 6590
6632 6632
6400 6400
10948 10948
3 3
6542 6542
6705 6705
5665 5665
7088 7088
8721 8721
4678 4678
12776 12776
3 3
10141 10141
4068 4068
10062 10062
6990 6990
4620 4620
6088 6088
12371 12371
20 20
7402 7402
6003 6003
6225 6225
6227 6227
5845 5845
8922 8922
14499 14499
10 10
4904 4904
7731 7731
6639 6639
5878 5878
7196 7196
8213 8213
21288 21288
15 15
9413 9413
9051 9051
6423 6423
9043 9043
10305 10305
11750 11750
18127 18127
79 79
15012 15012
4666 4666
4793 4793
13160 13160
11829 11829
4460 4460
32996 32996
5 5
3708 3708
3866 3866
19106 19106
2964 2964
3188 3188
15029 15029
3136 3136
2866 2866
26442 26442
1 1
2760 2760
2605 2605
2842 2842
44798 44798
2320 2320
2208 2208
1911 1911
2000 2000
1787 1787
1838 1838
1895 1895
2113 2113
2145 2145
2570 2570
21413 21413
1 1
2042 2042
1955 1955
1925 1925
2268 2268
2724 2724
6423 6423
3033 3033
4931 4931
3286 3286
5435 5435
3437 3437
3874 3874
5918 5918
3452 3452
11514 11514
2 2
22108 22108
2763 2763
2308 2308
2145 2145
2041 2041
2413 2413
27619 27619
2073 2073
1943 1943
2028 2028
2044 2044
2177 2177
24499 24499
1598 1598
2895 2895
1 1
1409 1409
1492 1492
1554 1554
1843 1843
8443 8443
1699 1699
1767 1767
9514 9514
1681 1681
1179 1179
1194 1194
1263 1263
1260 1260
7867 7867
2082 2082
2 2
1084 1084
938 938
1113 1113
13619 13619
799 799
691 691
819 819
667 667
710 710
688 688
792 792
799 799
8271 8271
624 624
1039 1039
0 0
567 567
772 772
532 532
538 538
6570 6570
378 378
363 363
309 309
301 301
262 262
326 326
244 244
333 333
344 344
11857 11857
0 0
193 193
170 170
158 158
174 174
173 173
163 163
206 206
156 156
155 155
163 163
149 149
149 149
155 155
173 173
459 459
0 0
1102 1102
202 202
206 206
173 173
169 169
136 136
180 180
155 155
152 152
204 204
1965 1965
